70 70 1000 15 1000
  0  25.000  25.000   0   0    0 1000
  1  19.942  16.269   0   7  175  235
  2  13.131  45.499   0   9  522  582
  3  41.105  42.288   0  15  256  316
  4  29.622  23.653   0   5  529  589
  5  20.387  33.750   0  12  469  529
  6   8.195  24.765   0   5  436  496
  7  39.947  22.762   0  10  517  577
  8  32.184  39.039   0   8  414  474
  9  46.070  49.150   0  11   28   88
 10  15.395  23.920   0  12   96  156
 11  38.336  13.008   0   8  169  229
 12  49.706  28.635   0  14   54  114
 13  17.748  22.292   0  15  423  483
 14  42.549  29.924   0   8  112  172
 15  44.178   9.661   0  11  511  571
 16  26.591  36.243   0  11   36   96
 17   3.855   9.895   0   5   24   84
 18  37.401  26.569   0  11  293  353
 19  45.989  20.442   0   7  402  462
 20  35.511  15.228   0  10  496  556
 21  39.026  12.034   0  13  477  537
 22  28.364  23.084   0  10  299  359
 23  40.399  46.524   0  10  267  327
 24  42.439  43.835   0  14   61  121
 25  48.019  11.272   0  10  410  470
 26   7.711  35.675   0  13  300  360
 27  12.451  19.724   0   6  538  598
 28  11.466  10.009   0   8  378  438
 29  31.894   3.068   0   9  549  609
 30  31.193  29.453   0  11   64  124
 31  27.643  20.718   0   6  130  190
 32  39.090  29.910   0   6  422  482
 33   4.979  34.382   0  10  562  622
 34  48.532   5.628   0  12  283  343
 35   0.104  43.096   0   6  279  339
 36  35.129  12.788   0  15  251  311
 37  16.979  42.131   0  15  562  622
 38  33.836  16.463   0   8  480  540
 39  17.004   0.135   0   8  388  448
 40  47.985  48.353   0  15   62  122
 41  15.167  40.338   0  13  446  506
 42  49.188  25.691   0   5  239  299
 43  39.884  22.741   0   5  451  511
 44  48.700   3.276   0  14  211  271
 45  32.483  35.647   0  11  371  431
 46  36.360  12.366   0  10  572  632
 47  15.168   2.888   0   8   39   99
 48  12.586  38.003   0   7  481  541
 49  24.069  10.394   0   6   31   91
 50  46.755  43.039   0   9  287  347
 51  13.844  20.995   0  12  539  599
 52  25.348  19.215   0  14  392  452
 53  31.764  39.147   0  13    4   64
 54  10.465  10.359   0  13  225  285
 55  23.583  10.424   0   9  380  440
 56  41.055  41.004   0   7  298  358
 57   7.562  26.507   0   7  202  262
 58  11.016  21.483   0   8  118  178
 59   0.567  23.767   0  15  163  223
 60  30.076   1.565   0  13  237  297
 61  23.034   4.766   0  13  171  231
 62  40.209  49.579   0  10  146  206
 63  34.419   7.978   0  12  272  332
 64  16.493  48.140   0  15  513  573
 65   4.548  14.068   0   8    5   65
 66  27.356  27.878   0   5  203  263
 67  46.620  14.406   0   7  434  494
 68   9.096  23.066   0   5   90  150
 69  39.900  43.636   0   6  463  523
 70  32.354  16.702   0   9  381  441
 71  35.573  46.733   0  -7  209  269
 72  36.158  11.897   0  -9  562  622
 73  43.760  46.624   0 -15  261  321
 74  13.387  36.048   0  -5  549  609
 75  21.442  34.131   0 -12  470  530
 76   4.515  24.464   0  -5  439  499
 77  14.379  35.446   0 -10  545  605
 78  17.381  24.472   0  -8  434  494
 79  43.627  19.724   0 -11   57  117
 80   0.062  49.145   0 -12  125  185
 81  42.389  13.101   0  -8  173  233
 82   6.799  22.468   0 -14   97  157
 83  24.429   6.787   0 -15  439  499
 84  44.972  41.699   0  -8  124  184
 85  30.090  18.098   0 -11  527  587
 86  17.571  39.599   0 -11   45  105
 87  30.378  32.490   0  -5   58  118
 88  20.594   9.692   0 -11  316  376
 89  19.930  25.913   0  -7  428  488
 90   5.808  45.172   0 -10  538  598
 91   0.497  25.269   0 -13  517  577
 92  43.952  38.259   0 -10  320  380
 93  13.843  16.968   0 -10  306  366
 94  19.524  12.881   0 -14   99  159
 95  30.948  13.248   0 -10  427  487
 96  15.145  19.745   0 -13  317  377
 97  18.778  35.536   0  -6  555  615
 98  47.436   7.990   0  -8  414  474
 99   6.843  25.729   0  -9  582  642
100  17.743  42.465   0 -11   82  142
101  38.701  13.318   0  -6  143  203
102  20.898   8.813   0  -6  449  509
103  17.899  14.988   0 -10  585  645
104   7.783   1.600   0 -12  323  383
105  14.706  29.557   0  -6  298  358
106  34.814   5.847   0 -15  257  317
107  37.222  46.889   0 -15  582  642
108   1.014  18.218   0  -8  512  572
109  14.534  22.632   0  -8  410  470
110  16.238  41.080   0 -15   94  154
111  30.924  27.954   0 -13  466  526
112   3.751  41.320   0  -5  287  347
113  34.475   6.348   0  -5  468  528
114  19.697  48.835   0 -14  265  325
115  40.315  30.836   0 -11  380  440
116  46.562  26.698   0 -10  589  649
117  23.704  40.859   0  -8   77  137
118   4.908  35.326   0  -7  489  549
119   9.956  27.345   0  -6   53  113
120  41.274  32.402   0  -9  298  358
121   8.470  26.210   0 -12  546  606
122   0.336  28.236   0 -14  418  478
123   3.781  19.768   0 -13   38   98
124  13.176  20.859   0 -13  235  295
125  37.276  16.622   0  -9  395  455
126  33.522  12.051   0  -7  327  387
127  35.081  26.777   0  -7  229  289
128  45.081   0.164   0  -8  158  218
129  25.314  10.926   0 -15  190  250
130  19.756  40.500   0 -13  277  337
131  27.432  14.038   0 -13  181  241
132  47.045  16.717   0 -10  179  239
133  34.838   5.902   0 -12  274  334
134  35.569  40.260   0 -15  533  593
135  26.571   6.113   0  -8   28   88
136  40.105  32.122   0  -5  216  276
137  44.352  46.200   0  -7  465  525
138  45.488  17.073   0  -5  126  186
139  17.883  38.041   0  -6  485  545
140  12.691  46.422   0  -9  416  476
141  25.000  25.000   0   0    0 1000
