75 75 1000 15 1000
  0  25.000  25.000   0   0    0 1000
  1  19.942  16.269   0   7  175  235
  2  13.131  45.499   0   9  522  582
  3  41.105  42.288   0  15  256  316
  4  29.622  23.653   0   5  529  589
  5  20.387  33.750   0  12  469  529
  6   8.195  24.765   0   5  436  496
  7  39.947  22.762   0  10  517  577
  8  32.184  39.039   0   8  414  474
  9  46.070  49.150   0  11   28   88
 10  15.395  23.920   0  12   96  156
 11  38.336  13.008   0   8  169  229
 12  49.706  28.635   0  14   54  114
 13  17.748  22.292   0  15  423  483
 14  42.549  29.924   0   8  112  172
 15  44.178   9.661   0  11  511  571
 16  26.591  36.243   0  11   36   96
 17   3.855   9.895   0   5   24   84
 18  37.401  26.569   0  11  293  353
 19  45.989  20.442   0   7  402  462
 20  35.511  15.228   0  10  496  556
 21  39.026  12.034   0  13  477  537
 22  28.364  23.084   0  10  299  359
 23  40.399  46.524   0  10  267  327
 24  42.439  43.835   0  14   61  121
 25  48.019  11.272   0  10  410  470
 26   7.711  35.675   0  13  300  360
 27  12.451  19.724   0   6  538  598
 28  11.466  10.009   0   8  378  438
 29  31.894   3.068   0   9  549  609
 30  31.193  29.453   0  11   64  124
 31  27.643  20.718   0   6  130  190
 32  39.090  29.910   0   6  422  482
 33   4.979  34.382   0  10  562  622
 34  48.532   5.628   0  12  283  343
 35   0.104  43.096   0   6  279  339
 36  35.129  12.788   0  15  251  311
 37  16.979  42.131   0  15  562  622
 38  33.836  16.463   0   8  480  540
 39  17.004   0.135   0   8  388  448
 40  47.985  48.353   0  15   62  122
 41  15.167  40.338   0  13  446  506
 42  49.188  25.691   0   5  239  299
 43  39.884  22.741   0   5  451  511
 44  48.700   3.276   0  14  211  271
 45  32.483  35.647   0  11  371  431
 46  36.360  12.366   0  10  572  632
 47  15.168   2.888   0   8   39   99
 48  12.586  38.003   0   7  481  541
 49  24.069  10.394   0   6   31   91
 50  46.755  43.039   0   9  287  347
 51  13.844  20.995   0  12  539  599
 52  25.348  19.215   0  14  392  452
 53  31.764  39.147   0  13    4   64
 54  10.465  10.359   0  13  225  285
 55  23.583  10.424   0   9  380  440
 56  41.055  41.004   0   7  298  358
 57   7.562  26.507   0   7  202  262
 58  11.016  21.483   0   8  118  178
 59   0.567  23.767   0  15  163  223
 60  30.076   1.565   0  13  237  297
 61  23.034   4.766   0  13  171  231
 62  40.209  49.579   0  10  146  206
 63  34.419   7.978   0  12  272  332
 64  16.493  48.140   0  15  513  573
 65   4.548  14.068   0   8    5   65
 66  27.356  27.878   0   5  203  263
 67  46.620  14.406   0   7  434  494
 68   9.096  23.066   0   5   90  150
 69  39.900  43.636   0   6  463  523
 70  32.354  16.702   0   9  381  441
 71  46.868  23.879   0  11  335  395
 72  42.107  22.374   0   9  385  445
 73  44.741  28.931   0  15  352  412
 74  25.874  48.204   0  10   72  132
 75   9.642  19.036   0   5  448  508
 76  35.573  46.733   0  -7  209  269
 77  36.158  11.897   0  -9  562  622
 78  43.760  46.624   0 -15  261  321
 79  13.387  36.048   0  -5  549  609
 80  21.442  34.131   0 -12  470  530
 81   4.515  24.464   0  -5  439  499
 82  14.379  35.446   0 -10  545  605
 83  17.381  24.472   0  -8  434  494
 84  43.627  19.724   0 -11   57  117
 85   0.062  49.145   0 -12  125  185
 86  42.389  13.101   0  -8  173  233
 87   6.799  22.468   0 -14   97  157
 88  24.429   6.787   0 -15  439  499
 89  44.972  41.699   0  -8  124  184
 90  30.090  18.098   0 -11  527  587
 91  17.571  39.599   0 -11   45  105
 92  30.378  32.490   0  -5   58  118
 93  20.594   9.692   0 -11  316  376
 94  19.930  25.913   0  -7  428  488
 95   5.808  45.172   0 -10  538  598
 96   0.497  25.269   0 -13  517  577
 97  43.952  38.259   0 -10  320  380
 98  13.843  16.968   0 -10  306  366
 99  19.524  12.881   0 -14   99  159
100  30.948  13.248   0 -10  427  487
101  15.145  19.745   0 -13  317  377
102  18.778  35.536   0  -6  555  615
103  47.436   7.990   0  -8  414  474
104   6.843  25.729   0  -9  582  642
105  17.743  42.465   0 -11   82  142
106  38.701  13.318   0  -6  143  203
107  20.898   8.813   0  -6  449  509
108  17.899  14.988   0 -10  585  645
109   7.783   1.600   0 -12  323  383
110  14.706  29.557   0  -6  298  358
111  34.814   5.847   0 -15  257  317
112  37.222  46.889   0 -15  582  642
113   1.014  18.218   0  -8  512  572
114  14.534  22.632   0  -8  410  470
115  16.238  41.080   0 -15   94  154
116  30.924  27.954   0 -13  466  526
117   3.751  41.320   0  -5  287  347
118  34.475   6.348   0  -5  468  528
119  19.697  48.835   0 -14  265  325
120  40.315  30.836   0 -11  380  440
121  46.562  26.698   0 -10  589  649
122  23.704  40.859   0  -8   77  137
123   4.908  35.326   0  -7  489  549
124   9.956  27.345   0  -6   53  113
125  41.274  32.402   0  -9  298  358
126   8.470  26.210   0 -12  546  606
127   0.336  28.236   0 -14  418  478
128   3.781  19.768   0 -13   38   98
129  13.176  20.859   0 -13  235  295
130  37.276  16.622   0  -9  395  455
131  33.522  12.051   0  -7  327  387
132  35.081  26.777   0  -7  229  289
133  45.081   0.164   0  -8  158  218
134  25.314  10.926   0 -15  190  250
135  19.756  40.500   0 -13  277  337
136  27.432  14.038   0 -13  181  241
137  47.045  16.717   0 -10  179  239
138  34.838   5.902   0 -12  274  334
139  35.569  40.260   0 -15  533  593
140  26.571   6.113   0  -8   28   88
141  40.105  32.122   0  -5  216  276
142  44.352  46.200   0  -7  465  525
143  45.488  17.073   0  -5  126  186
144  17.883  38.041   0  -6  485  545
145  12.691  46.422   0  -9  416  476
146  46.160  24.746   0 -11  336  396
147  24.902   6.513   0  -9  408  468
148  30.197  17.806   0 -15  370  430
149  37.171  19.511   0 -10  102  162
150   7.565  26.344   0  -5  455  515
151  25.000  25.000   0   0    0 1000
