65 65 1000 20 1000
  0  25.000  25.000   0   0    0 1000
  1  48.623  36.616   0   5  566  626
  2  42.178  41.258   0  20  234  294
  3  26.158  15.942   0  20  133  193
  4   8.420   9.386   0  15  299  359
  5   4.591  15.037   0  12  404  464
  6  25.291  33.533   0  18  409  469
  7  10.458  40.743   0   7  439  499
  8  22.664  15.980   0  20  169  229
  9  49.743   2.268   0   9  399  459
 10  35.322  28.854   0  15   22   82
 11  36.409  23.709   0  11  172  232
 12   5.353  48.684   0  15   77  137
 13  35.675  40.944   0  18  445  505
 14  16.447  48.589   0   5  146  206
 15   4.507  32.193   0  16  164  224
 16  35.331  22.057   0  19  484  544
 17  24.147  21.486   0  19   36   96
 18  29.567   7.469   0  15    4   64
 19  11.068  43.073   0  10  493  553
 20  22.752  32.001   0   6  223  283
 21  19.424  43.380   0   5  430  490
 22  33.023  36.404   0  20  359  419
 23   7.654  12.649   0  20  525  585
 24  15.522  44.325   0  10  136  196
 25   3.471  34.386   0  19  450  510
 26   4.959  31.007   0   7  359  419
 27  35.554   5.187   0  19   25   85
 28   3.648  28.745   0  10  303  363
 29  11.561  33.959   0  18   19   79
 30  17.988  42.306   0  14  417  477
 31  42.405   2.718   0  15  105  165
 32   4.436  48.539   0  17  474  534
 33  11.805  44.055   0   8  122  182
 34  16.367  42.993   0  13  376  436
 35   2.082  28.117   0  20   87  147
 36  32.188  42.616   0   9  302  362
 37  44.023  44.306   0  14  400  460
 38  35.033  29.116   0  14  471  531
 39  39.851  11.728   0  20  458  518
 40  16.664  35.661   0  18  384  444
 41   2.667  24.735   0   8  442  502
 42  20.966   7.473   0  20  415  475
 43   0.159  25.698   0   8   71  131
 44  18.916   3.195   0  15    5   65
 45  20.344  49.793   0  19  480  540
 46  40.000  19.438   0  18  357  417
 47   3.620  35.106   0  14  372  432
 48  46.776  14.953   0   7  308  368
 49  28.737  27.858   0   7  143  203
 50  32.384  12.967   0  16  100  160
 51  25.700   6.967   0  17    6   66
 52  25.399  15.165   0   6  523  583
 53  43.017  25.034   0  12  381  441
 54  34.450  12.529   0  16  242  302
 55  24.389   0.572   0  20  402  462
 56  45.989  10.968   0  11   10   70
 57   3.539  44.452   0   6  540  600
 58  13.724   0.521   0   7  267  327
 59  23.082  27.051   0   6  134  194
 60   6.991  28.566   0   9  315  375
 61  43.333   2.520   0   9  255  315
 62   5.201  17.849   0  16  268  328
 63  48.752  22.602   0  17  320  380
 64  23.690  20.762   0  20  281  341
 65  12.358   2.377   0   8  198  258
 66  47.483  19.660   0  -5  582  642
 67   5.331  24.474   0 -20  274  334
 68  26.401  15.403   0 -20  133  193
 69  37.477   6.474   0 -15  328  388
 70  43.062  13.188   0 -12  442  502
 71  21.739  11.908   0 -18  430  490
 72  33.577   1.716   0  -7  484  544
 73  34.209  38.606   0 -20  194  254
 74   8.032   9.129   0  -9  441  501
 75  19.098   0.360   0 -15   54  114
 76   7.578  19.942   0 -11  201  261
 77  29.943  46.096   0 -15  101  161
 78   4.324   1.655   0 -18  495  555
 79  42.674  18.715   0  -5  185  245
 80  37.125  33.361   0 -16  196  256
 81  23.894   9.040   0 -19  501  561
 82  49.189  22.832   0 -19   61  121
 83  30.960  20.511   0 -15   17   77
 84  49.061   9.657   0 -10  543  603
 85  22.284   4.945   0  -6  250  310
 86  40.976  41.481   0  -5  451  511
 87  24.164   4.509   0 -20  392  452
 88  26.562  15.123   0 -20  544  604
 89   8.141   8.595   0 -10  172  232
 90  40.549  35.473   0 -19  487  547
 91  14.918  48.339   0  -7  378  438
 92  39.422  21.959   0 -19   42  102
 93   1.585  16.297   0 -10  315  375
 94  32.230   5.886   0 -18   53  113
 95  44.297   2.374   0 -14  464  524
 96  34.729  23.412   0 -15  127  187
 97  18.622   9.623   0 -17  515  575
 98  44.229  40.550   0  -8  154  214
 99  22.086   0.326   0 -13  419  479
100  45.961  44.388   0 -20  133  193
101  40.739  34.906   0  -9  313  373
102  18.587  42.562   0 -14  425  485
103  40.015  29.088   0 -14  475  535
104  46.932  32.844   0 -20  480  540
105  49.341  44.780   0 -18  417  477
106  25.916  45.283   0  -8  473  533
107   4.845  15.272   0 -20  432  492
108  32.440  29.275   0  -8  103  163
109   1.378  30.644   0 -15   37   97
110   0.886   6.005   0 -19  527  587
111  48.333  14.734   0 -18  366  426
112  14.583  11.094   0 -14  398  458
113  30.014  22.474   0  -7  326  386
114  28.206  31.931   0  -7  147  207
115  29.193  32.178   0 -16  119  179
116  25.198  45.138   0 -17   44  104
117  43.553  10.504   0  -6  541  601
118   1.422   7.970   0 -12  425  485
119   2.634  12.308   0 -16  273  333
120  16.949  37.356   0 -20  439  499
121  24.827   2.956   0 -11   32   92
122  45.364  18.704   0  -6  589  649
123  48.885  38.759   0  -7  318  378
124  41.305  35.612   0  -6  154  214
125  28.002   7.563   0  -9  344  404
126  11.347   4.301   0  -9  287  347
127  17.842  49.653   0 -16  302  362
128   0.270  49.273   0 -17  375  435
129  12.111   0.741   0 -20  304  364
130   4.713  40.923   0  -8  237  297
131  25.000  25.000   0   0    0 1000
