70 70 1000 15 1000
  0  25.000  25.000   0   0    0 1000
  1  34.548  16.947   0   9  527  647
  2  28.402  46.895   0  10  143  263
  3  16.459  40.222   0  14  144  264
  4   2.980  41.789   0  11  154  274
  5  27.881  11.250   0  12  203  323
  6  12.338  31.567   0  14   22  142
  7  24.993  36.846   0   6  137  257
  8  34.128  43.463   0  12  411  531
  9  37.055  14.494   0  10  510  630
 10  42.347  34.900   0  12  193  313
 11  21.314  35.006   0  10  325  445
 12   4.802   1.609   0  10   80  200
 13   3.391  29.245   0  11  149  269
 14  32.467  49.455   0  15  272  392
 15  40.532  24.883   0  14  115  235
 16  43.111   6.773   0   8  374  494
 17   7.223  34.563   0   8   89  209
 18  16.030  15.249   0   8  535  655
 19   8.135  15.820   0  14  151  271
 20  30.819   3.480   0   7  560  680
 21  15.362  11.994   0  11  347  467
 22   5.307   2.384   0  15  182  302
 23  47.712  34.265   0   6  545  665
 24   9.968  45.713   0  10  458  578
 25  39.265  24.082   0   7  381  501
 26  39.826  36.958   0  15  203  323
 27  31.608   6.402   0  14   39  159
 28   0.621  16.762   0   5  280  400
 29  33.641  41.836   0  13  184  304
 30  18.985  21.045   0   9  365  485
 31  27.031   7.841   0   7   70  190
 32  32.057   9.578   0  11   33  153
 33  42.026  44.074   0   8  541  661
 34  34.019  12.171   0  11   23  143
 35  41.886  31.076   0  13   33  153
 36  44.692  14.562   0  11  319  439
 37   8.588  23.120   0   5   26  146
 38  21.135  31.892   0   5  531  651
 39  13.347  44.698   0   7  254  374
 40  27.508  18.838   0   8   97  217
 41  11.490  25.126   0   8   69  189
 42   4.088  18.481   0  13  227  347
 43  29.404  12.838   0  10  172  292
 44   7.771   0.816   0   8  143  263
 45  24.744  16.408   0   5  375  495
 46   2.049  44.440   0  13   96  216
 47  32.950  30.817   0   9  244  364
 48  21.079  33.248   0   7  118  238
 49  48.734   0.580   0   9  178  298
 50  12.218   9.802   0  13  131  251
 51  11.705  25.190   0   9  165  285
 52  14.479   8.259   0   5  325  445
 53  16.761  29.237   0   6  464  584
 54  10.250   9.981   0   6  378  498
 55  27.266  28.179   0  15  214  334
 56  48.818  10.333   0   8  330  450
 57  38.688  31.838   0  10  413  533
 58  25.993  10.235   0  14  220  340
 59  45.954  26.277   0   7  366  486
 60  37.643   2.372   0  11    1  121
 61  34.053   9.642   0   5  285  405
 62  23.997   5.385   0  12  360  480
 63  41.331  22.959   0   8  170  290
 64  20.455  17.561   0   9  351  471
 65  29.948  21.337   0   9  562  682
 66  32.474  25.332   0   5  293  413
 67  17.390  14.849   0  11   10  130
 68   3.566  12.940   0  10  348  468
 69  41.660  43.438   0  14  142  262
 70  40.038  19.404   0   5  486  606
 71  13.850  26.773   0  -9  549  669
 72  34.924  33.086   0 -10  158  278
 73  31.720  11.567   0 -14  176  296
 74  28.881  37.179   0 -11  180  300
 75  41.328  33.122   0 -12  228  348
 76  17.327  29.285   0 -14   27  147
 77  22.503  21.888   0  -6  152  272
 78  22.048  24.351   0 -12  433  553
 79  36.595  28.844   0 -10  524  644
 80   1.654   3.597   0 -12  244  364
 81  47.114   2.880   0 -10  366  486
 82   1.391  41.648   0 -10  120  240
 83   7.407  46.855   0 -11  167  287
 84  18.813  46.961   0 -15  285  405
 85  40.003  25.432   0 -14  115  235
 86  14.914  28.117   0  -8  409  529
 87  22.596   8.832   0  -8  118  238
 88  17.636  45.275   0  -8  565  685
 89  46.958   7.590   0 -14  190  310
 90  34.451   5.703   0  -7  564  684
 91   2.994  22.136   0 -11  362  482
 92  38.333  39.870   0 -15  231  351
 93  13.195  12.961   0  -6  585  705
 94  16.605  25.788   0 -10  479  599
 95   5.014  42.745   0  -7  420  540
 96  26.079   1.820   0 -15  240  360
 97   3.522  33.992   0 -14   78  198
 98  41.104  34.886   0  -5  324  444
 99  14.032  29.354   0 -13  207  327
100  29.085  43.067   0  -9  389  509
101  11.656  13.989   0  -7   86  206
102  45.083  38.459   0 -11   64  184
103  29.697   8.788   0  -8  578  698
104  48.224  25.855   0 -11   42  162
105  46.562  12.931   0 -13   51  171
106  16.660   2.533   0 -11  349  469
107  12.706  18.166   0  -5   32  152
108  43.191  15.209   0  -5  558  678
109  35.998  25.518   0  -7  283  403
110   3.739   8.584   0  -8  122  242
111  11.362  26.051   0  -8   69  189
112  22.483  27.208   0 -13  247  367
113  11.783  11.296   0 -10  189  309
114  40.339   2.469   0  -8  175  295
115  43.365  43.582   0  -5  407  527
116  13.439  27.175   0 -13  116  236
117  43.579   1.432   0  -9  275  395
118   0.191  33.917   0  -7  138  258
119  19.258  49.550   0  -9  235  355
120  46.471  28.627   0 -13  170  290
121  42.102   6.144   0  -9  200  320
122   2.227  45.296   0  -5  364  484
123  24.738   0.009   0  -6  494  614
124   7.388  10.829   0  -6  380  500
125  19.156  37.067   0 -15  226  346
126   9.488  24.008   0  -8  371  491
127  30.111  46.947   0 -10  430  550
128  42.167   5.230   0 -14  236  356
129   2.426   5.935   0  -7  414  534
130  40.521  15.822   0 -11   14  134
131  26.407  44.386   0  -5  320  440
132  39.102   5.834   0 -12  375  495
133  12.042   1.566   0  -8  206  326
134  13.226  46.732   0  -9  381  501
135   6.804  32.319   0  -9  587  707
136   6.679  42.116   0  -5  323  443
137  25.062  22.775   0 -11   21  141
138  22.228  26.525   0 -10  371  491
139  44.249   9.221   0 -14  176  296
140  20.929  11.375   0  -5  506  626
141  25.000  25.000   0   0    0 1000
