30 30 1000 20 1000
  0  25.000  25.000   0   0    0 1000
  1  45.479  47.350   0   9  200  320
  2  14.637   2.649   0   5   40  160
  3  31.784  39.682   0  16  448  568
  4  22.594  49.458   0  20   13  133
  5   1.279   7.844   0  10  559  679
  6  49.591   5.129   0  20  207  327
  7  14.900   8.658   0   6  114  234
  8  21.227  46.868   0  18  364  484
  9   0.401   2.882   0   7   29  149
 10   0.992  42.377   0   9  112  232
 11   8.671  23.026   0   8  235  355
 12  32.845  31.582   0  18  409  529
 13   1.221  19.986   0  12  146  266
 14  30.561  28.302   0  12  434  554
 15  36.089  46.410   0  15  107  227
 16  38.427  21.803   0   7  367  487
 17  31.439   5.571   0  14  559  679
 18  47.912  10.565   0  14  402  522
 19  30.745   9.007   0  19  386  506
 20  45.764   8.559   0   7  480  600
 21   1.486  35.445   0   7  464  584
 22   4.525  31.446   0   6  138  258
 23   7.550  44.519   0  11  283  403
 24   2.700  35.550   0   7  326  446
 25  44.995  10.117   0  19  211  331
 26  46.221  16.131   0  11  289  409
 27  23.690  14.918   0  16  212  332
 28  17.508  19.095   0   8  435  555
 29  36.781  37.726   0  13  532  652
 30   2.119   0.960   0  12  550  670
 31   5.293  33.895   0  -9  242  362
 32  39.612  41.714   0  -5   86  206
 33  37.150   7.767   0 -16  480  600
 34  20.410  42.960   0 -20   19  139
 35  39.731   3.207   0 -10  597  717
 36  13.064  46.942   0 -20  262  382
 37  11.596  17.549   0  -6  123  243
 38  35.094  10.910   0 -18  402  522
 39  15.455  49.859   0  -7   78  198
 40   9.693   8.836   0  -9  146  266
 41  12.492  13.799   0  -8  244  364
 42  24.334  41.503   0 -18  422  542
 43  13.111  48.089   0 -12  176  296
 44  24.422  33.443   0 -12  442  562
 45  25.272  28.466   0 -15  127  247
 46  42.778  11.453   0  -7  378  498
 47  39.423  13.020   0 -14  569  689
 48  32.147  17.898   0 -14  419  539
 49  10.796   9.047   0 -19  405  525
 50  30.328  42.175   0  -7  516  636
 51  47.221  23.289   0  -7  511  631
 52  40.113  10.096   0  -6  179  299
 53   1.045  18.115   0 -11  310  430
 54  49.688  11.707   0  -7  378  498
 55   4.499   3.554   0 -19  252  372
 56  48.159  31.667   0 -11  304  424
 57  25.973   5.136   0 -16  222  342
 58  43.619  12.027   0  -8  462  582
 59  14.434  22.330   0 -13  559  679
 60  21.136  12.236   0 -12  572  692
 61  25.000  25.000   0   0    0 1000
