45 45 1000 20 1000
  0  25.000  25.000   0   0    0 1000
  1  45.479  47.350   0   9  200  320
  2  14.637   2.649   0   5   40  160
  3  31.784  39.682   0  16  448  568
  4  22.594  49.458   0  20   13  133
  5   1.279   7.844   0  10  559  679
  6  49.591   5.129   0  20  207  327
  7  14.900   8.658   0   6  114  234
  8  21.227  46.868   0  18  364  484
  9   0.401   2.882   0   7   29  149
 10   0.992  42.377   0   9  112  232
 11   8.671  23.026   0   8  235  355
 12  32.845  31.582   0  18  409  529
 13   1.221  19.986   0  12  146  266
 14  30.561  28.302   0  12  434  554
 15  36.089  46.410   0  15  107  227
 16  38.427  21.803   0   7  367  487
 17  31.439   5.571   0  14  559  679
 18  47.912  10.565   0  14  402  522
 19  30.745   9.007   0  19  386  506
 20  45.764   8.559   0   7  480  600
 21   1.486  35.445   0   7  464  584
 22   4.525  31.446   0   6  138  258
 23   7.550  44.519   0  11  283  403
 24   2.700  35.550   0   7  326  446
 25  44.995  10.117   0  19  211  331
 26  46.221  16.131   0  11  289  409
 27  23.690  14.918   0  16  212  332
 28  17.508  19.095   0   8  435  555
 29  36.781  37.726   0  13  532  652
 30   2.119   0.960   0  12  550  670
 31  31.146  45.793   0   5  203  323
 32  22.081  43.214   0  15  347  467
 33   5.049  22.902   0   8  385  505
 34  12.182  49.069   0  11  284  404
 35  46.369  46.347   0  16  242  362
 36  44.962  41.950   0   9  508  628
 37   7.997  20.798   0  12   24  144
 38  30.495   1.115   0   5  143  263
 39  38.031   9.776   0   9  335  455
 40  12.311   1.997   0   7  431  551
 41  29.696   1.954   0  18  167  287
 42  16.175  49.689   0   5  250  370
 43  39.175  48.552   0  16  585  705
 44   2.346  12.934   0   8  302  422
 45  41.948  35.684   0  15  493  613
 46   5.293  33.895   0  -9  242  362
 47  39.612  41.714   0  -5   86  206
 48  37.150   7.767   0 -16  480  600
 49  20.410  42.960   0 -20   19  139
 50  39.731   3.207   0 -10  597  717
 51  13.064  46.942   0 -20  262  382
 52  11.596  17.549   0  -6  123  243
 53  35.094  10.910   0 -18  402  522
 54  15.455  49.859   0  -7   78  198
 55   9.693   8.836   0  -9  146  266
 56  12.492  13.799   0  -8  244  364
 57  24.334  41.503   0 -18  422  542
 58  13.111  48.089   0 -12  176  296
 59  24.422  33.443   0 -12  442  562
 60  25.272  28.466   0 -15  127  247
 61  42.778  11.453   0  -7  378  498
 62  39.423  13.020   0 -14  569  689
 63  32.147  17.898   0 -14  419  539
 64  10.796   9.047   0 -19  405  525
 65  30.328  42.175   0  -7  516  636
 66  47.221  23.289   0  -7  511  631
 67  40.113  10.096   0  -6  179  299
 68   1.045  18.115   0 -11  310  430
 69  49.688  11.707   0  -7  378  498
 70   4.499   3.554   0 -19  252  372
 71  48.159  31.667   0 -11  304  424
 72  25.973   5.136   0 -16  222  342
 73  43.619  12.027   0  -8  462  582
 74  14.434  22.330   0 -13  559  679
 75  21.136  12.236   0 -12  572  692
 76  20.912  47.276   0  -5  213  333
 77  26.269  36.998   0 -15  354  474
 78  48.913  24.144   0  -8  428  548
 79  47.721  49.908   0 -11  319  439
 80  22.170  47.329   0 -16  266  386
 81  15.551  40.756   0  -9  537  657
 82  34.908   1.211   0 -12   57  177
 83  26.956   3.396   0  -5  147  267
 84  13.282  37.101   0  -9  371  491
 85   9.559   8.658   0  -7  438  558
 86   1.850  21.646   0 -18  201  321
 87   0.603  36.973   0  -5  270  390
 88  32.309  40.291   0 -16  595  715
 89  23.737  12.122   0  -8  323  443
 90  23.149  43.945   0 -15  513  633
 91  25.000  25.000   0   0    0 1000
