75 75 1000 20 1000
  0  25.000  25.000   0   0    0 1000
  1  13.444  12.484   0  16  325  445
  2   7.732  17.946   0  13  140  260
  3   1.886  39.326   0  11  313  433
  4   7.281   3.214   0  16  229  349
  5  37.773  43.593   0  12  188  308
  6  30.400  16.924   0  16   30  150
  7  21.894   7.184   0   9  380  500
  8   1.652  48.851   0  12  219  339
  9  18.780  47.577   0  17  375  495
 10  41.875  21.886   0   9  515  635
 11   1.341  30.599   0  16  184  304
 12  20.934  10.378   0  20  290  410
 13  12.017  41.752   0  18  160  280
 14  29.653  43.851   0  15  364  484
 15  10.043   7.387   0   8  240  360
 16  26.449  15.081   0  14   23  143
 17  23.670  10.838   0  13  107  227
 18   9.171   9.818   0   5   12  132
 19  15.083  11.187   0   7  505  625
 20  40.666  17.200   0  20  298  418
 21  19.088  37.366   0  15  194  314
 22  36.182  16.337   0  18  495  615
 23   6.521  34.495   0   5  411  531
 24  17.453  16.059   0  13  280  400
 25  21.896  41.779   0   9  493  613
 26  15.708  17.849   0  10   13  133
 27  19.459   8.134   0   5  558  678
 28  30.204  49.357   0  12    5  125
 29   0.150  16.678   0  11  467  587
 30  40.107   7.616   0  14  247  367
 31  23.476   4.414   0  20  239  359
 32  42.481  24.819   0   6  284  404
 33  49.775  31.966   0  20   59  179
 34  49.607  45.765   0   9  171  291
 35   8.099   6.193   0  17  430  550
 36  37.186  32.419   0   5  360  480
 37  13.126  49.961   0  19   48  168
 38  13.077  38.760   0  19  430  550
 39   0.182  37.313   0   8   31  151
 40  10.978   8.543   0  15  542  662
 41   3.623   7.128   0   9  107  227
 42  17.502   4.320   0   9  581  701
 43  21.721  44.999   0  12  444  564
 44  48.442  33.325   0  10  499  619
 45  38.630  11.926   0  19  518  638
 46  43.270  17.242   0  16  350  470
 47   9.881   6.070   0  11  235  355
 48  13.973  46.991   0   6  210  330
 49  48.330  41.257   0  16  104  224
 50  25.231  38.577   0  12  417  537
 51  33.148  34.842   0  10  233  353
 52  30.483  24.316   0  18  531  651
 53   6.545  37.940   0   9  464  584
 54  22.569  42.689   0  19  342  462
 55  23.254   6.023   0   6  345  465
 56  46.729  45.603   0  17  145  265
 57   2.399  39.130   0   7  347  467
 58  21.983  34.912   0  10  559  679
 59   1.016  10.940   0   6   52  172
 60  23.746  23.838   0  17  356  476
 61   8.946  19.429   0  10  104  224
 62  16.975  29.432   0  19  417  537
 63  36.140  49.567   0  13  186  306
 64  19.813   5.888   0  12  105  225
 65  35.526  35.683   0  13  274  394
 66  39.423   9.125   0  17  307  427
 67  18.041  44.837   0   8  477  597
 68  33.699   8.364   0  11  411  531
 69  49.710  14.737   0  11  435  555
 70  14.756  33.282   0   9  104  224
 71  24.479  44.055   0   9  386  506
 72   9.385  39.847   0  14   26  146
 73  44.831   0.965   0  19  234  354
 74  39.237  10.139   0   5  359  479
 75  41.110  36.157   0  10   14  134
 76   1.051  49.946   0 -16  364  484
 77   4.516  20.988   0 -13  144  264
 78  14.952   5.779   0 -11  349  469
 79  28.792   8.192   0 -16  251  371
 80  39.073  37.992   0 -12  193  313
 81  36.078  42.884   0 -16   56  176
 82  43.756  39.839   0  -9  419  539
 83  16.630  40.978   0 -12  235  355
 84  29.690  21.994   0 -17  402  522
 85  25.655  35.468   0  -9  536  656
 86  44.047  18.265   0 -16  228  348
 87   8.825  28.118   0 -20  311  431
 88   0.316  10.868   0 -18  193  313
 89  10.074  27.230   0 -15  389  509
 90  23.944  31.929   0  -8  268  388
 91  10.754   7.048   0 -14   40  160
 92  49.952  34.049   0 -13  142  262
 93  40.087   0.922   0  -5   44  164
 94  30.608   8.934   0  -7  520  640
 95  17.882  48.053   0 -20  336  456
 96  26.260  34.169   0 -15  201  321
 97   6.977  47.019   0 -18  537  657
 98   0.197  16.340   0  -5  430  550
 99  16.202  28.640   0 -13  292  412
100  15.802  39.096   0  -9  499  619
101  32.943   3.075   0 -10   35  155
102   3.293  35.797   0  -5  590  710
103   6.834  14.700   0 -12   46  166
104  40.626  16.209   0 -11  507  627
105  41.162  31.886   0 -14  271  391
106  45.967  41.325   0 -20  282  402
107  18.501   0.615   0  -6  318  438
108  34.502  49.132   0 -20   81  201
109  49.352  16.285   0  -9  200  320
110   5.668  15.715   0 -17  439  559
111  11.030  41.600   0  -5  387  507
112  44.837  37.945   0 -19   81  201
113  45.227  45.043   0 -19  462  582
114  43.966  45.947   0  -8   75  195
115  18.350  17.172   0 -15  553  673
116  21.251  36.042   0  -9  140  260
117  25.977  17.463   0  -9  596  716
118  26.999  10.481   0 -12  478  598
119  22.224  35.756   0 -10  525  645
120  29.149  47.173   0 -19  554  674
121  49.944   0.398   0 -16  368  488
122   3.488  14.201   0 -11  245  365
123  42.672   8.972   0  -6  257  377
124   1.596  31.655   0 -16  151  271
125  25.982  37.157   0 -12  418  538
126  16.425   0.390   0 -10  271  391
127  26.704  36.553   0 -18  543  663
128   4.877   3.536   0  -9  498  618
129  12.179  13.826   0 -19  372  492
130  19.064  11.831   0  -6  352  472
131  39.370  31.571   0 -17  160  280
132  20.243  26.716   0  -7  368  488
133  13.340   9.923   0 -10  585  705
134  39.445  43.705   0  -6  102  222
135  26.525  29.768   0 -17  362  482
136  35.085   4.549   0 -10  134  254
137  19.056   6.105   0 -19  440  560
138  17.755  21.052   0 -13  219  339
139  28.694  30.752   0 -12  131  251
140  46.145   9.364   0 -13  302  422
141  34.859   8.852   0 -17  311  431
142   6.384  47.472   0  -8  488  608
143  48.629  33.267   0 -11  440  560
144  39.494   5.598   0 -11  448  568
145   5.772   0.439   0  -9  138  258
146   4.559  33.603   0  -9  408  528
147  31.452   4.222   0 -14   67  187
148  12.623   3.195   0 -19  266  386
149  45.600   3.974   0  -5  367  487
150  15.955  24.392   0 -10   41  161
151  25.000  25.000   0   0    0 1000
