30 30 1000 15 1000
  0  25.000  25.000   0   0    0 1000
  1   4.527  48.224   0   1  412  472
  2  25.588  20.179   0   1  238  298
  3  15.751  41.690   0   1  469  529
  4  21.151   9.587   0   1  107  167
  5  15.938  14.362   0   1  204  264
  6  33.618  48.623   0   1  317  377
  7  18.321  22.648   0   1  132  192
  8   9.537  33.003   0   1  126  186
  9   2.997  26.150   0   1  278  338
 10  16.060  24.670   0   1  461  521
 11  34.084  11.469   0   1  133  193
 12  28.747  28.078   0   1  573  633
 13   6.243  18.620   0   1  136  196
 14  29.778   4.369   0   1  213  273
 15  15.537  13.611   0   1  119  179
 16  38.749  26.304   0   1  378  438
 17  14.837  24.977   0   1  521  581
 18  36.848  28.014   0   1  366  426
 19  26.092  28.112   0   1    0   60
 20  40.348  38.488   0   1  434  494
 21   6.632   3.049   0   1   22   82
 22  13.514   9.688   0   1  255  315
 23  43.081  19.913   0   1  347  407
 24  15.862  36.013   0   1  232  292
 25  18.434  41.002   0   1  174  234
 26  41.063  39.169   0   1  372  432
 27  26.440  41.865   0   1   75  135
 28  43.807  15.418   0   1  386  446
 29  37.828  37.477   0   1  166  226
 30  18.438  19.541   0   1  204  264
 31  44.482  40.616   0  -1  452  512
 32  21.846  19.034   0  -1  241  301
 33  14.983  29.671   0  -1  481  541
 34  49.532  22.694   0  -1  138  198
 35  22.936  20.287   0  -1  213  273
 36  16.207  16.014   0  -1  353  413
 37  20.541  16.546   0  -1  138  198
 38  42.133  29.716   0  -1  158  218
 39  45.467  44.687   0  -1  324  384
 40  15.839  25.647   0  -1  462  522
 41  41.584  48.446   0  -1  170  230
 42  32.065  27.369   0  -1  576  636
 43  45.690  28.891   0  -1  176  236
 44  38.428  12.781   0  -1  225  285
 45  15.778  41.687   0  -1  147  207
 46   7.747  13.419   0  -1  411  471
 47  47.503  26.306   0  -1  553  613
 48   5.052  14.926   0  -1  400  460
 49  21.169  44.712   0  -1   17   77
 50  24.490  44.717   0  -1  451  511
 51  10.254  20.243   0  -1   39   99
 52   8.992  39.819   0  -1  285  345
 53   4.656  18.058   0  -1  385  445
 54   4.907  43.876   0  -1  245  305
 55  19.968  46.546   0  -1  179  239
 56  36.894  29.551   0  -1  382  442
 57  36.183  29.489   0  -1   90  150
 58  43.003   3.494   0  -1  397  457
 59  46.575   7.741   0  -1  196  256
 60  23.603   4.452   0  -1  219  279
 61  25.000  25.000   0   0    0 1000
