50 50 1000 15 1000
  0  25.000  25.000   0   0    0 1000
  1   4.527  48.224   0   1  412  472
  2  25.588  20.179   0   1  238  298
  3  15.751  41.690   0   1  469  529
  4  21.151   9.587   0   1  107  167
  5  15.938  14.362   0   1  204  264
  6  33.618  48.623   0   1  317  377
  7  18.321  22.648   0   1  132  192
  8   9.537  33.003   0   1  126  186
  9   2.997  26.150   0   1  278  338
 10  16.060  24.670   0   1  461  521
 11  34.084  11.469   0   1  133  193
 12  28.747  28.078   0   1  573  633
 13   6.243  18.620   0   1  136  196
 14  29.778   4.369   0   1  213  273
 15  15.537  13.611   0   1  119  179
 16  38.749  26.304   0   1  378  438
 17  14.837  24.977   0   1  521  581
 18  36.848  28.014   0   1  366  426
 19  26.092  28.112   0   1    0   60
 20  40.348  38.488   0   1  434  494
 21   6.632   3.049   0   1   22   82
 22  13.514   9.688   0   1  255  315
 23  43.081  19.913   0   1  347  407
 24  15.862  36.013   0   1  232  292
 25  18.434  41.002   0   1  174  234
 26  41.063  39.169   0   1  372  432
 27  26.440  41.865   0   1   75  135
 28  43.807  15.418   0   1  386  446
 29  37.828  37.477   0   1  166  226
 30  18.438  19.541   0   1  204  264
 31  39.373  37.446   0   1  226  286
 32   2.126   6.326   0   1   11   71
 33  37.938  37.172   0   1  546  606
 34  43.599  40.227   0   1  305  365
 35  23.049  23.679   0   1   52  112
 36  38.313  28.187   0   1  386  446
 37  45.666   6.302   0   1  316  376
 38  25.734  49.041   0   1  308  368
 39   0.030  44.267   0   1  576  636
 40  41.490  23.410   0   1  467  527
 41   0.514  36.662   0   1  179  239
 42  41.246  44.256   0   1  228  288
 43  27.671  17.588   0   1  558  618
 44  45.191  33.448   0   1  470  530
 45   9.979  11.766   0   1  355  415
 46  11.567  12.266   0   1  306  366
 47   2.083  32.219   0   1  109  169
 48  47.510  22.192   0   1  567  627
 49  42.553  14.525   0   1   39   99
 50  12.736  13.118   0   1  561  621
 51  44.482  40.616   0  -1  452  512
 52  21.846  19.034   0  -1  241  301
 53  14.983  29.671   0  -1  481  541
 54  49.532  22.694   0  -1  138  198
 55  22.936  20.287   0  -1  213  273
 56  16.207  16.014   0  -1  353  413
 57  20.541  16.546   0  -1  138  198
 58  42.133  29.716   0  -1  158  218
 59  45.467  44.687   0  -1  324  384
 60  15.839  25.647   0  -1  462  522
 61  41.584  48.446   0  -1  170  230
 62  32.065  27.369   0  -1  576  636
 63  45.690  28.891   0  -1  176  236
 64  38.428  12.781   0  -1  225  285
 65  15.778  41.687   0  -1  147  207
 66   7.747  13.419   0  -1  411  471
 67  47.503  26.306   0  -1  553  613
 68   5.052  14.926   0  -1  400  460
 69  21.169  44.712   0  -1   17   77
 70  24.490  44.717   0  -1  451  511
 71  10.254  20.243   0  -1   39   99
 72   8.992  39.819   0  -1  285  345
 73   4.656  18.058   0  -1  385  445
 74   4.907  43.876   0  -1  245  305
 75  19.968  46.546   0  -1  179  239
 76  36.894  29.551   0  -1  382  442
 77  36.183  29.489   0  -1   90  150
 78  43.003   3.494   0  -1  397  457
 79  46.575   7.741   0  -1  196  256
 80  23.603   4.452   0  -1  219  279
 81  22.886  30.376   0  -1  243  303
 82  21.438  41.295   0  -1   50  110
 83  17.735  29.803   0  -1  567  627
 84  23.610   9.016   0  -1  342  402
 85  46.844  10.526   0  -1   79  139
 86  28.964   7.854   0  -1  408  468
 87  47.227  33.111   0  -1  342  402
 88  35.237  32.060   0  -1  327  387
 89  19.998  37.203   0  -1  597  657
 90  30.801  31.717   0  -1  480  540
 91   4.765  24.194   0  -1  192  252
 92  12.507  19.434   0  -1  265  325
 93  15.099  33.973   0  -1  578  638
 94   9.708  44.232   0  -1  507  567
 95  44.262   4.246   0  -1  390  450
 96  45.736  34.978   0  -1  347  407
 97  35.492  38.745   0  -1  143  203
 98  29.991  41.765   0  -1  593  653
 99  19.437  10.141   0  -1   62  122
100   5.332  46.183   0  -1  594  654
101  25.000  25.000   0   0    0 1000
