65 65 1000 15 1000
  0  25.000  25.000   0   0    0 1000
  1  47.469  13.331   0   1  395  455
  2  36.591   9.867   0   1  279  339
  3  41.157  36.804   0   1  445  505
  4  19.187  47.680   0   1  202  262
  5  19.404  24.450   0   1  338  398
  6  32.543  33.452   0   1  217  277
  7  49.163   8.658   0   1  281  341
  8  42.189  14.669   0   1  390  450
  9  38.939   6.348   0   1    4   64
 10  45.744   8.951   0   1  309  369
 11  26.394  40.555   0   1  295  355
 12  19.374   2.944   0   1   46  106
 13  21.521  22.092   0   1  167  227
 14  46.830  13.569   0   1  281  341
 15  46.910  17.639   0   1  288  348
 16  18.044  21.110   0   1  482  542
 17  48.454   5.255   0   1   46  106
 18  31.737  37.620   0   1  129  189
 19  41.626  13.198   0   1  410  470
 20  27.682   8.752   0   1  248  308
 21  33.177  22.484   0   1  478  538
 22  48.664  40.422   0   1  516  576
 23  32.850  49.243   0   1   84  144
 24   3.476  15.618   0   1   51  111
 25  26.827  10.725   0   1  529  589
 26  47.108   6.988   0   1  102  162
 27  29.035  47.118   0   1  441  501
 28  38.537   8.713   0   1  222  282
 29   4.567  38.185   0   1  563  623
 30  45.421  19.755   0   1  542  602
 31  24.278  31.104   0   1  326  386
 32  27.544  45.598   0   1  446  506
 33   4.555  27.007   0   1  172  232
 34  16.860  15.269   0   1  220  280
 35  35.226  30.978   0   1  401  461
 36  30.892  41.235   0   1  333  393
 37  39.617  17.737   0   1  116  176
 38  45.629  42.038   0   1  391  451
 39  30.008  46.364   0   1  529  589
 40  11.449  37.665   0   1  576  636
 41   6.835  29.586   0   1  417  477
 42  13.535   4.187   0   1  230  290
 43  34.058  44.277   0   1  168  228
 44   4.205  13.372   0   1  421  481
 45  46.169  34.432   0   1  384  444
 46  31.887   7.138   0   1  349  409
 47   6.584  42.645   0   1  164  224
 48  28.000  32.906   0   1   51  111
 49   2.258  48.862   0   1  211  271
 50  13.969  15.462   0   1  547  607
 51   4.112  23.233   0   1  184  244
 52   6.498  20.025   0   1  467  527
 53   0.725  16.370   0   1   72  132
 54  30.570   6.094   0   1   41  101
 55  10.569  19.801   0   1  144  204
 56  37.840  13.011   0   1    8   68
 57   9.994  24.250   0   1  542  602
 58  40.293  16.387   0   1   39   99
 59   6.370  23.581   0   1   52  112
 60  29.970  25.783   0   1  191  251
 61  29.340  32.522   0   1   69  129
 62  44.792  29.464   0   1  464  524
 63  30.205  47.696   0   1   11   71
 64  43.653  40.750   0   1   57  117
 65  44.111  16.109   0   1  448  508
 66  40.081   6.650   0  -1  404  464
 67  39.932  34.256   0  -1  303  363
 68  23.007   7.192   0  -1  479  539
 69   8.546  32.415   0  -1  220  280
 70  13.210  13.653   0  -1  350  410
 71  26.463  20.618   0  -1  231  291
 72  18.087  12.494   0  -1  312  372
 73  49.085   2.056   0  -1  404  464
 74  43.213  25.743   0  -1   23   83
 75  44.930  43.424   0  -1  343  403
 76  12.828   0.844   0  -1  336  396
 77  33.387   2.826   0  -1   60  120
 78   1.989  30.180   0  -1  188  248
 79  22.369  11.499   0  -1  305  365
 80   0.437   3.258   0  -1  336  396
 81  49.003  26.994   0  -1  513  573
 82   3.389  39.008   0  -1  102  162
 83   8.382  34.681   0  -1  152  212
 84   6.203  13.718   0  -1  445  505
 85  10.548  41.250   0  -1  284  344
 86  38.161   0.816   0  -1  500  560
 87  18.860  19.774   0  -1  552  612
 88  18.228  38.105   0  -1  102  162
 89  19.841  41.096   0  -1   81  141
 90  32.722  40.025   0  -1  558  618
 91  17.707   5.859   0  -1  131  191
 92  39.037   1.519   0  -1  487  547
 93   0.183  28.959   0  -1  265  325
 94  11.809   3.810   0  -1  598  658
 95   7.286  11.039   0  -1  581  641
 96  37.866  35.003   0  -1  340  400
 97  32.110  34.532   0  -1  457  517
 98  13.567   1.673   0  -1  198  258
 99  40.210  25.573   0  -1  245  305
100  30.140  23.411   0  -1  410  470
101  18.832   0.647   0  -1  375  435
102  24.925  20.721   0  -1  130  190
103  48.265  41.227   0  -1  393  453
104  45.782   7.014   0  -1  571  631
105  23.874  26.718   0  -1  592  652
106  11.944  37.813   0  -1  426  486
107  18.705   4.770   0  -1  235  295
108  44.387   1.795   0  -1  211  271
109  47.423  46.243   0  -1  475  535
110  26.250  42.533   0  -1  405  465
111   3.982  19.552   0  -1  379  439
112  26.387  36.170   0  -1  184  244
113  49.705  32.187   0  -1   72  132
114  16.244  46.536   0  -1  225  285
115   0.741  27.341   0  -1  564  624
116  23.510  38.544   0  -1  208  268
117  20.430  13.636   0  -1  482  542
118  20.220  43.370   0  -1  105  165
119  21.370  13.476   0  -1   52  112
120  15.735   9.431   0  -1  155  215
121  23.400   3.302   0  -1   25   85
122   7.413  33.228   0  -1  551  611
123  39.725  10.318   0  -1   45  105
124  11.043  22.740   0  -1   56  116
125   3.311  36.064   0  -1  219  279
126  46.634  49.141   0  -1   92  152
127  36.981   7.803   0  -1  487  547
128  17.797   4.455   0  -1   55  115
129  44.748  10.040   0  -1   87  147
130  16.411  17.692   0  -1  475  535
131  25.000  25.000   0   0    0 1000
