75 75 1000 15 1000
  0  25.000  25.000   0   0    0 1000
  1  47.469  13.331   0   1  395  455
  2  36.591   9.867   0   1  279  339
  3  41.157  36.804   0   1  445  505
  4  19.187  47.680   0   1  202  262
  5  19.404  24.450   0   1  338  398
  6  32.543  33.452   0   1  217  277
  7  49.163   8.658   0   1  281  341
  8  42.189  14.669   0   1  390  450
  9  38.939   6.348   0   1    4   64
 10  45.744   8.951   0   1  309  369
 11  26.394  40.555   0   1  295  355
 12  19.374   2.944   0   1   46  106
 13  21.521  22.092   0   1  167  227
 14  46.830  13.569   0   1  281  341
 15  46.910  17.639   0   1  288  348
 16  18.044  21.110   0   1  482  542
 17  48.454   5.255   0   1   46  106
 18  31.737  37.620   0   1  129  189
 19  41.626  13.198   0   1  410  470
 20  27.682   8.752   0   1  248  308
 21  33.177  22.484   0   1  478  538
 22  48.664  40.422   0   1  516  576
 23  32.850  49.243   0   1   84  144
 24   3.476  15.618   0   1   51  111
 25  26.827  10.725   0   1  529  589
 26  47.108   6.988   0   1  102  162
 27  29.035  47.118   0   1  441  501
 28  38.537   8.713   0   1  222  282
 29   4.567  38.185   0   1  563  623
 30  45.421  19.755   0   1  542  602
 31  24.278  31.104   0   1  326  386
 32  27.544  45.598   0   1  446  506
 33   4.555  27.007   0   1  172  232
 34  16.860  15.269   0   1  220  280
 35  35.226  30.978   0   1  401  461
 36  30.892  41.235   0   1  333  393
 37  39.617  17.737   0   1  116  176
 38  45.629  42.038   0   1  391  451
 39  30.008  46.364   0   1  529  589
 40  11.449  37.665   0   1  576  636
 41   6.835  29.586   0   1  417  477
 42  13.535   4.187   0   1  230  290
 43  34.058  44.277   0   1  168  228
 44   4.205  13.372   0   1  421  481
 45  46.169  34.432   0   1  384  444
 46  31.887   7.138   0   1  349  409
 47   6.584  42.645   0   1  164  224
 48  28.000  32.906   0   1   51  111
 49   2.258  48.862   0   1  211  271
 50  13.969  15.462   0   1  547  607
 51   4.112  23.233   0   1  184  244
 52   6.498  20.025   0   1  467  527
 53   0.725  16.370   0   1   72  132
 54  30.570   6.094   0   1   41  101
 55  10.569  19.801   0   1  144  204
 56  37.840  13.011   0   1    8   68
 57   9.994  24.250   0   1  542  602
 58  40.293  16.387   0   1   39   99
 59   6.370  23.581   0   1   52  112
 60  29.970  25.783   0   1  191  251
 61  29.340  32.522   0   1   69  129
 62  44.792  29.464   0   1  464  524
 63  30.205  47.696   0   1   11   71
 64  43.653  40.750   0   1   57  117
 65  44.111  16.109   0   1  448  508
 66  20.522  42.461   0   1  386  446
 67   9.248  30.360   0   1  287  347
 68  36.424  11.766   0   1  528  588
 69   2.049  12.163   0   1    5   65
 70  13.188  45.296   0   1   37   97
 71   0.362  19.848   0   1  173  233
 72   8.999  13.404   0   1  379  439
 73  47.130   8.942   0   1   27   87
 74  33.728  39.040   0   1  345  405
 75  33.405  25.896   0   1  544  604
 76  40.081   6.650   0  -1  404  464
 77  39.932  34.256   0  -1  303  363
 78  23.007   7.192   0  -1  479  539
 79   8.546  32.415   0  -1  220  280
 80  13.210  13.653   0  -1  350  410
 81  26.463  20.618   0  -1  231  291
 82  18.087  12.494   0  -1  312  372
 83  49.085   2.056   0  -1  404  464
 84  43.213  25.743   0  -1   23   83
 85  44.930  43.424   0  -1  343  403
 86  12.828   0.844   0  -1  336  396
 87  33.387   2.826   0  -1   60  120
 88   1.989  30.180   0  -1  188  248
 89  22.369  11.499   0  -1  305  365
 90   0.437   3.258   0  -1  336  396
 91  49.003  26.994   0  -1  513  573
 92   3.389  39.008   0  -1  102  162
 93   8.382  34.681   0  -1  152  212
 94   6.203  13.718   0  -1  445  505
 95  10.548  41.250   0  -1  284  344
 96  38.161   0.816   0  -1  500  560
 97  18.860  19.774   0  -1  552  612
 98  18.228  38.105   0  -1  102  162
 99  19.841  41.096   0  -1   81  141
100  32.722  40.025   0  -1  558  618
101  17.707   5.859   0  -1  131  191
102  39.037   1.519   0  -1  487  547
103   0.183  28.959   0  -1  265  325
104  11.809   3.810   0  -1  598  658
105   7.286  11.039   0  -1  581  641
106  37.866  35.003   0  -1  340  400
107  32.110  34.532   0  -1  457  517
108  13.567   1.673   0  -1  198  258
109  40.210  25.573   0  -1  245  305
110  30.140  23.411   0  -1  410  470
111  18.832   0.647   0  -1  375  435
112  24.925  20.721   0  -1  130  190
113  48.265  41.227   0  -1  393  453
114  45.782   7.014   0  -1  571  631
115  23.874  26.718   0  -1  592  652
116  11.944  37.813   0  -1  426  486
117  18.705   4.770   0  -1  235  295
118  44.387   1.795   0  -1  211  271
119  47.423  46.243   0  -1  475  535
120  26.250  42.533   0  -1  405  465
121   3.982  19.552   0  -1  379  439
122  26.387  36.170   0  -1  184  244
123  49.705  32.187   0  -1   72  132
124  16.244  46.536   0  -1  225  285
125   0.741  27.341   0  -1  564  624
126  23.510  38.544   0  -1  208  268
127  20.430  13.636   0  -1  482  542
128  20.220  43.370   0  -1  105  165
129  21.370  13.476   0  -1   52  112
130  15.735   9.431   0  -1  155  215
131  23.400   3.302   0  -1   25   85
132   7.413  33.228   0  -1  551  611
133  39.725  10.318   0  -1   45  105
134  11.043  22.740   0  -1   56  116
135   3.311  36.064   0  -1  219  279
136  46.634  49.141   0  -1   92  152
137  36.981   7.803   0  -1  487  547
138  17.797   4.455   0  -1   55  115
139  44.748  10.040   0  -1   87  147
140  16.411  17.692   0  -1  475  535
141  47.662  46.305   0  -1  413  473
142  25.645  41.770   0  -1  306  366
143  36.562  15.888   0  -1  532  592
144  46.093  49.745   0  -1   62  122
145  43.398   3.938   0  -1   88  148
146  48.050  16.471   0  -1  220  280
147  36.993   1.460   0  -1  409  469
148  10.708  27.490   0  -1   67  127
149  13.915  45.494   0  -1  365  425
150  47.543  45.568   0  -1  568  628
151  25.000  25.000   0   0    0 1000
