45 45 1000 15 1000
  0  25.000  25.000   0   0    0 1000
  1   8.562  43.868   0   1  323  443
  2   8.996  14.724   0   1  393  513
  3  42.530   2.454   0   1  159  279
  4  15.770  24.745   0   1  109  229
  5   2.399  45.626   0   1   30  150
  6  31.549   4.254   0   1  305  425
  7  12.249  32.877   0   1   42  162
  8  10.107   5.089   0   1  351  471
  9  38.261  19.949   0   1   59  179
 10  34.043   7.568   0   1  388  508
 11  16.939  28.480   0   1  149  269
 12  31.312  11.371   0   1    3  123
 13  37.613  15.000   0   1   46  166
 14  18.691  19.044   0   1   63  183
 15  49.344  22.790   0   1   31  151
 16  28.034   9.242   0   1  136  256
 17  43.204  23.312   0   1  168  288
 18  36.168   9.219   0   1  423  543
 19   9.496  36.377   0   1   64  184
 20  40.309  36.240   0   1  194  314
 21  41.668  29.010   0   1  315  435
 22  31.767  31.325   0   1  329  449
 23  43.449  30.635   0   1   68  188
 24  45.741   8.893   0   1    5  125
 25  47.456  35.619   0   1  441  561
 26  41.261  32.139   0   1  390  510
 27  49.107  42.192   0   1  381  501
 28  20.182  26.121   0   1   10  130
 29   4.215  35.104   0   1  131  251
 30  41.001  14.644   0   1  400  520
 31  15.111   0.008   0   1  354  474
 32  38.960   5.326   0   1  227  347
 33  38.821  38.660   0   1  560  680
 34  22.287   8.207   0   1   29  149
 35   9.099  47.658   0   1  444  564
 36   9.374  18.065   0   1  402  522
 37   3.617  32.448   0   1  441  561
 38  13.632  31.850   0   1  155  275
 39   1.341  33.890   0   1  458  578
 40  32.213  39.988   0   1  124  244
 41  42.690  13.318   0   1  500  620
 42   0.792  28.927   0   1  261  381
 43  14.025  12.869   0   1  295  415
 44   2.729  18.681   0   1  338  458
 45  32.365  36.842   0   1  300  420
 46   6.635  38.966   0  -1  328  448
 47   1.399  15.187   0  -1  400  520
 48  39.649  37.882   0  -1  194  314
 49   2.324  27.478   0  -1  122  242
 50  44.518   1.669   0  -1   90  210
 51  48.515   6.162   0  -1  322  442
 52  14.724   6.117   0  -1   68  188
 53  15.112  24.831   0  -1  371  491
 54  17.362  40.715   0  -1   88  208
 55   6.485   8.789   0  -1  415  535
 56  11.187  12.565   0  -1  165  285
 57  44.114  35.566   0  -1   30  150
 58  47.815  20.491   0  -1   57  177
 59  30.598  23.781   0  -1   75  195
 60  12.042  19.292   0  -1   68  188
 61   3.336  35.602   0  -1  172  292
 62   2.541  21.684   0  -1  208  328
 63   2.997  47.539   0  -1  473  593
 64  35.152  24.496   0  -1   92  212
 65  43.187   9.353   0  -1  221  341
 66   8.697  14.459   0  -1  351  471
 67  42.493  41.008   0  -1  343  463
 68  34.212  16.761   0  -1   84  204
 69   2.928   4.960   0  -1   47  167
 70  14.456  33.833   0  -1  474  594
 71  24.142  27.500   0  -1  407  527
 72  19.169  28.117   0  -1  414  534
 73   9.884   1.507   0  -1   36  156
 74  44.956  34.851   0  -1  171  291
 75  30.591  49.894   0  -1  436  556
 76  47.350   0.730   0  -1  386  506
 77  41.991  21.099   0  -1  243  363
 78  20.207  31.014   0  -1  580  700
 79   1.196  48.408   0  -1   74  194
 80   2.623  44.203   0  -1  451  571
 81  35.204  24.018   0  -1  428  548
 82  39.130   3.624   0  -1  486  606
 83  42.584  18.958   0  -1  186  306
 84   7.779  40.000   0  -1  466  586
 85  12.288  40.420   0  -1  143  263
 86  49.519  40.348   0  -1  527  647
 87  49.722  18.857   0  -1  310  430
 88  22.473  46.473   0  -1  329  449
 89  10.105  34.578   0  -1  355  475
 90  35.919  16.254   0  -1  320  440
 91  25.000  25.000   0   0    0 1000
