set g /1*5/;
set v /1*30/;
scalar max_v /7/;
scalar group_number /5/;
parameter p_number(g) /
1 7
2 3
3 7
4 6
5 7
/;
parameter c(v,g) /
1.1 540.9359
1.2 168.6583
1.3 458.9208
1.4 321.3904
1.5 79.87186
2.1 540.9359
2.2 168.6583
2.3 458.9208
2.4 321.3904
2.5 79.87186
3.1 540.9359
3.2 168.6583
3.3 458.9208
3.4 321.3904
3.5 79.87186
4.1 540.9359
4.2 168.6583
4.3 458.9208
4.4 321.3904
4.5 79.87186
5.1 540.9359
5.2 168.6583
5.3 458.9208
5.4 321.3904
5.5 79.87186
6.1 540.9359
6.2 168.6583
6.3 458.9208
6.4 321.3904
6.5 79.87186
7.1 540.9359
7.2 168.6583
7.3 458.9208
7.4 321.3904
7.5 79.87186
8.1 540.9359
8.2 168.6583
8.3 458.9208
8.4 321.3904
8.5 79.87186
9.1 540.9359
9.2 168.6583
9.3 458.9208
9.4 321.3904
9.5 79.87186
10.1 540.9359
10.2 168.6583
10.3 458.9208
10.4 321.3904
10.5 79.87186
11.1 540.9359
11.2 168.6583
11.3 458.9208
11.4 321.3904
11.5 79.87186
12.1 540.9359
12.2 168.6583
12.3 458.9208
12.4 321.3904
12.5 79.87186
13.1 540.9359
13.2 168.6583
13.3 458.9208
13.4 321.3904
13.5 79.87186
14.1 540.9359
14.2 168.6583
14.3 458.9208
14.4 321.3904
14.5 79.87186
15.1 540.9359
15.2 168.6583
15.3 458.9208
15.4 321.3904
15.5 79.87186
16.1 540.9359
16.2 168.6583
16.3 458.9208
16.4 321.3904
16.5 79.87186
17.1 540.9359
17.2 168.6583
17.3 458.9208
17.4 321.3904
17.5 79.87186
18.1 540.9359
18.2 168.6583
18.3 458.9208
18.4 321.3904
18.5 79.87186
19.1 540.9359
19.2 168.6583
19.3 458.9208
19.4 321.3904
19.5 79.87186
20.1 540.9359
20.2 168.6583
20.3 458.9208
20.4 321.3904
20.5 79.87186
21.1 540.9359
21.2 168.6583
21.3 458.9208
21.4 321.3904
21.5 79.87186
22.1 540.9359
22.2 168.6583
22.3 458.9208
22.4 321.3904
22.5 79.87186
23.1 540.9359
23.2 168.6583
23.3 458.9208
23.4 321.3904
23.5 79.87186
24.1 540.9359
24.2 168.6583
24.3 458.9208
24.4 321.3904
24.5 79.87186
25.1 540.9359
25.2 168.6583
25.3 458.9208
25.4 321.3904
25.5 79.87186
26.1 540.9359
26.2 168.6583
26.3 458.9208
26.4 321.3904
26.5 79.87186
27.1 540.9359
27.2 168.6583
27.3 458.9208
27.4 321.3904
27.5 79.87186
28.1 540.9359
28.2 168.6583
28.3 458.9208
28.4 321.3904
28.5 79.87186
29.1 540.9359
29.2 168.6583
29.3 458.9208
29.4 321.3904
29.5 79.87186
30.1 540.9359
30.2 168.6583
30.3 458.9208
30.4 321.3904
30.5 79.87186
/;
