1   11           1.00
2   7            1.00
3   18           1.00
4   7            1.00
5   13           1.00
6   13           1.00
7   7            1.00
8   13           1.00
9   30           1.00
10  30           1.00
11  11           1.00
12  30           1.00
13  13           1.00
14  11           1.00
15  7            1.00
16  30           1.00
17  30           1.00
18  18           1.00
19  13           1.00
20  7            1.00
21  7            1.00
22  18           1.00
23  18           1.00
24  30           1.00
25  13           1.00
26  18           1.00
27  7            1.00
28  18           1.00
29  13           1.00
30  30           1.00
