set u /8,1,4,6,11,14,18,21,24,27,29/;
scalar M /1000/;
scalar Infinite /99999/;
parameter c(u,v) /
8.8 1000
8.1 31
8.4 35
8.6 38
8.11 30
8.14 8
8.18 7
8.21 24
8.24 99999
8.27 99999
8.29 99999
1.8 99999
1.1 1000
1.4 99999
1.6 99999
1.11 99999
1.14 99999
1.18 99999
1.21 99999
1.24 99999
1.27 99999
1.29 99999
4.8 99999
4.1 99999
4.4 1000
4.6 99999
4.11 99999
4.14 99999
4.18 99999
4.21 99999
4.24 99999
4.27 99999
4.29 99999
6.8 99999
6.1 99999
6.4 99999
6.6 1000
6.11 99999
6.14 99999
6.18 99999
6.21 99999
6.24 99999
6.27 99999
6.29 99999
11.8 99999
11.1 99999
11.4 99999
11.6 99999
11.11 1000
11.14 99999
11.18 99999
11.21 99999
11.24 99999
11.27 99999
11.29 99999
14.8 99999
14.1 99999
14.4 99999
14.6 99999
14.11 99999
14.14 1000
14.18 99999
14.21 99999
14.24 99999
14.27 99999
14.29 99999
18.8 99999
18.1 21
18.4 25
18.6 30
18.11 4
18.14 26
18.18 1000
18.21 99999
18.24 99999
18.27 99999
18.29 99999
21.8 99999
21.1 14
21.4 9
21.6 4
21.11 99999
21.14 99999
21.18 99999
21.21 1000
21.24 99999
21.27 99999
21.29 99999
24.8 99999
24.1 49
24.4 53
24.6 59
24.11 32
24.14 34
24.18 42
24.21 38
24.24 1000
24.27 99999
24.29 99999
27.8 99999
27.1 16
27.4 19
27.6 24
27.11 9
27.14 29
27.18 36
27.21 14
27.24 99999
27.27 1000
27.29 99999
29.8 99999
29.1 30
29.4 34
29.6 40
29.11 17
29.14 15
29.18 24
29.21 19
29.24 99999
29.27 99999
29.29 1000
/;
