1   1            1.00
2   1            1.00
3   1            1.00
4   1            1.00
5   1            1.00
6   1            1.00
7   1            1.00
8   2            1.00
9   2            1.00
10  2            1.00
11  3            1.00
12  3            1.00
13  3            1.00
14  3            1.00
15  3            1.00
16  3            1.00
17  3            1.00
18  4            1.00
19  4            1.00
20  4            1.00
21  4            1.00
22  4            1.00
23  4            1.00
24  5            1.00
25  5            1.00
26  5            1.00
27  5            1.00
28  5            1.00
29  5            1.00
30  5            1.00
