set g /1*30/;
set p /1*30/;
scalar max_p /7/;
scalar max_g /5/;
parameter c(p,g) /
1.1 0
1.2 354
1.3 87
1.4 354
1.5 294
1.6 261
1.7 342
1.8 240
1.9 154
1.10 91
1.11 49
1.12 125
1.13 248
1.14 85
1.15 336
1.16 165
1.17 151
1.18 119
1.19 228
1.20 330
1.21 310
1.22 124
1.23 103
1.24 119
1.25 236
1.26 127
1.27 363
1.28 208
1.29 374
1.30 128
2.1 354
2.2 0
2.3 303
2.4 35
2.5 95
2.6 127
2.7 36
2.8 129
2.9 505
2.10 440
2.11 389
2.12 469
2.13 123
2.14 439
2.15 48
2.16 518
2.17 504
2.18 246
2.19 135
2.20 51
2.21 61
2.22 243
2.23 257
2.24 463
2.25 135
2.26 246
2.27 30
2.28 148
2.29 53
2.30 481
3.1 87
3.2 303
3.3 0
3.4 289
3.5 214
3.6 183
3.7 285
3.8 176
3.9 228
3.10 163
3.11 94
3.12 202
3.13 183
3.14 144
3.15 267
3.16 220
3.17 237
3.18 70
3.19 169
3.20 279
3.21 260
3.22 59
3.23 61
3.24 195
3.25 169
3.26 68
3.27 295
3.28 157
3.29 323
3.30 192
4.1 354
4.2 35
4.3 289
4.4 0
4.5 79
4.6 110
4.7 15
4.8 116
4.9 501
4.10 433
4.11 377
4.12 475
4.13 114
4.14 426
4.15 32
4.16 504
4.17 505
4.18 236
4.19 128
4.20 34
4.21 54
4.22 231
4.23 263
4.24 468
4.25 125
4.26 232
4.27 19
4.28 152
4.29 35
4.30 467
5.1 294
5.2 95
5.3 214
5.4 79
5.5 0
5.6 36
5.7 75
5.8 56
5.9 442
5.10 373
5.11 301
5.12 416
5.13 47
5.14 357
5.15 59
5.16 433
5.17 445
5.18 176
5.19 72
5.20 70
5.21 52
5.22 170
5.23 203
5.24 408
5.25 68
5.26 169
5.27 85
5.28 94
5.29 113
5.30 405
6.1 261
6.2 127
6.3 183
6.4 110
6.5 36
6.6 0
6.7 107
6.8 35
6.9 410
6.10 340
6.11 268
6.12 384
6.13 26
6.14 325
6.15 91
6.16 400
6.17 412
6.18 145
6.19 51
6.20 101
6.21 78
6.22 138
6.23 173
6.24 377
6.25 49
6.26 136
6.27 117
6.28 59
6.29 143
6.30 372
7.1 342
7.2 36
7.3 285
7.4 15
7.5 75
7.6 107
7.7 0
7.8 111
7.9 489
7.10 421
7.11 373
7.12 463
7.13 110
7.14 422
7.15 29
7.16 500
7.17 494
7.18 230
7.19 117
7.20 22
7.21 41
7.22 226
7.23 251
7.24 456
7.25 121
7.26 228
7.27 34
7.28 142
7.29 38
7.30 463
8.1 240
8.2 129
8.3 176
8.4 116
8.5 56
8.6 35
8.7 111
8.8 0
8.9 386
8.10 318
8.11 262
8.12 360
8.13 23
8.14 311
8.15 102
8.16 389
8.17 392
8.18 121
8.19 26
8.20 106
8.21 84
8.22 117
8.23 147
8.24 353
8.25 32
8.26 117
8.27 127
8.28 50
8.29 148
8.30 352
9.1 154
9.2 505
9.3 228
9.4 501
9.5 442
9.6 410
9.7 489
9.8 386
9.9 0
9.10 85
9.11 145
9.12 54
9.13 396
9.14 86
9.15 484
9.16 34
9.17 57
9.18 266
9.19 375
9.20 483
9.21 462
9.22 272
9.23 250
9.24 48
9.25 383
9.26 275
9.27 511
9.28 357
9.29 526
9.30 43
10.1 91
10.2 440
10.3 163
10.4 433
10.5 373
10.6 340
10.7 421
10.8 318
10.9 85
10.10 0
10.11 77
10.12 54
10.13 327
10.14 45
10.15 416
10.16 82
10.17 75
10.18 198
10.19 307
10.20 413
10.21 392
10.22 203
10.23 184
10.24 48
10.25 315
10.26 204
10.27 442
10.28 295
10.29 457
10.30 46
11.1 49
11.2 389
11.3 94
11.4 377
11.5 301
11.6 268
11.7 373
11.8 262
11.9 145
11.10 77
11.11 0
11.12 116
11.13 266
11.14 59
11.15 354
11.16 135
11.17 149
11.18 144
11.19 256
11.20 368
11.21 346
11.22 149
11.23 136
11.24 112
11.25 254
11.26 146
11.27 383
11.28 241
11.29 410
11.30 106
12.1 125
12.2 469
12.3 202
12.4 475
12.5 416
12.6 384
12.7 463
12.8 360
12.9 54
12.10 54
12.11 116
12.12 0
12.13 370
12.14 58
12.15 457
12.16 55
12.17 57
12.18 239
12.19 348
12.20 442
12.21 423
12.22 245
12.23 213
12.24 18
12.25 356
12.26 249
12.27 485
12.28 326
12.29 495
12.30 27
13.1 248
13.2 123
13.3 183
13.4 114
13.5 47
13.6 26
13.7 110
13.8 23
13.9 396
13.10 327
13.11 266
13.12 370
13.13 0
13.14 317
13.15 92
13.16 395
13.17 399
13.18 131
13.19 35
13.20 107
13.21 83
13.22 124
13.23 159
13.24 363
13.25 34
13.26 124
13.27 119
13.28 47
13.29 145
13.30 359
14.1 85
14.2 439
14.3 144
14.4 426
14.5 357
14.6 325
14.7 422
14.8 311
14.9 86
14.10 45
14.11 59
14.12 58
14.13 317
14.14 0
14.15 403
14.16 83
14.17 98
14.18 196
14.19 305
14.20 415
14.21 395
14.22 196
14.23 186
14.24 52
14.25 304
14.26 196
14.27 431
14.28 291
14.29 459
14.30 50
15.1 336
15.2 48
15.3 267
15.4 32
15.5 59
15.6 91
15.7 29
15.8 102
15.9 484
15.10 416
15.11 354
15.12 457
15.13 92
15.14 403
15.15 0
15.16 482
15.17 488
15.18 218
15.19 109
15.20 37
15.21 34
15.22 213
15.23 246
15.24 451
15.25 101
15.26 215
15.27 42
15.28 136
15.29 60
15.30 447
16.1 165
16.2 518
16.3 220
16.4 504
16.5 433
16.6 400
16.7 500
16.8 389
16.9 34
16.10 82
16.11 135
16.12 55
16.13 395
16.14 83
16.15 482
16.16 0
16.17 36
16.18 272
16.19 383
16.20 493
16.21 472
16.22 276
16.23 262
16.24 60
16.25 383
16.26 272
16.27 510
16.28 371
16.29 537
16.30 37
17.1 151
17.2 504
17.3 237
17.4 505
17.5 445
17.6 412
17.7 494
17.8 392
17.9 57
17.10 75
17.11 149
17.12 57
17.13 399
17.14 98
17.15 488
17.16 36
17.17 0
17.18 271
17.19 380
17.20 480
17.21 460
17.22 276
17.23 249
17.24 63
17.25 388
17.26 277
17.27 514
17.28 357
17.29 525
17.30 52
18.1 119
18.2 246
18.3 70
18.4 236
18.5 176
18.6 145
18.7 230
18.8 121
18.9 266
18.10 198
18.11 144
18.12 239
18.13 131
18.14 196
18.15 218
18.16 272
18.17 271
18.18 0
18.19 113
18.20 225
18.21 202
18.22 37
18.23 32
18.24 232
18.25 118
18.26 31
18.27 246
18.28 101
18.29 266
18.30 236
19.1 228
19.2 135
19.3 169
19.4 128
19.5 72
19.6 51
19.7 117
19.8 26
19.9 375
19.10 307
19.11 256
19.12 348
19.13 35
19.14 305
19.15 109
19.16 383
19.17 380
19.18 113
19.19 0
19.20 112
19.21 91
19.22 111
19.23 137
19.24 341
19.25 16
19.26 111
19.27 140
19.28 43
19.29 154
19.30 346
20.1 330
20.2 51
20.3 279
20.4 34
20.5 70
20.6 101
20.7 22
20.8 106
20.9 483
20.10 413
20.11 368
20.12 442
20.13 107
20.14 415
20.15 37
20.16 493
20.17 480
20.18 225
20.19 112
20.20 0
20.21 29
20.22 221
20.23 233
20.24 440
20.25 118
20.26 222
20.27 48
20.28 135
20.29 54
20.30 456
21.1 310
21.2 61
21.3 260
21.4 54
21.5 52
21.6 78
21.7 41
21.8 84
21.9 462
21.10 392
21.11 346
21.12 423
21.13 83
21.14 395
21.15 34
21.16 472
21.17 460
21.18 202
21.19 91
21.20 29
21.21 0
21.22 202
21.23 212
21.24 418
21.25 95
21.26 200
21.27 66
21.28 114
21.29 72
21.30 435
22.1 124
22.2 243
22.3 59
22.4 231
22.5 170
22.6 138
22.7 226
22.8 117
22.9 272
22.10 203
22.11 149
22.12 245
22.13 124
22.14 196
22.15 213
22.16 276
22.17 276
22.18 37
22.19 111
22.20 221
22.21 202
22.22 0
22.23 41
22.24 239
22.25 113
22.26 34
22.27 239
22.28 98
22.29 264
22.30 239
23.1 103
23.2 257
23.3 61
23.4 263
23.5 203
23.6 173
23.7 251
23.8 147
23.9 250
23.10 184
23.11 136
23.12 213
23.13 159
23.14 186
23.15 246
23.16 262
23.17 249
23.18 32
23.19 137
23.20 233
23.21 212
23.22 41
23.23 0
23.24 207
23.25 147
23.26 47
23.27 273
23.28 120
23.29 285
23.30 225
24.1 119
24.2 463
24.3 195
24.4 468
24.5 408
24.6 377
24.7 456
24.8 353
24.9 48
24.10 48
24.11 112
24.12 18
24.13 363
24.14 52
24.15 451
24.16 60
24.17 63
24.18 232
24.19 341
24.20 440
24.21 418
24.22 239
24.23 207
24.24 0
24.25 350
24.26 241
24.27 478
24.28 320
24.29 489
24.30 34
25.1 236
25.2 135
25.3 169
25.4 125
25.5 68
25.6 49
25.7 121
25.8 32
25.9 383
25.10 315
25.11 254
25.12 356
25.13 34
25.14 304
25.15 101
25.16 383
25.17 388
25.18 118
25.19 16
25.20 118
25.21 95
25.22 113
25.23 147
25.24 350
25.25 0
25.26 119
25.27 133
25.28 48
25.29 157
25.30 346
26.1 127
26.2 246
26.3 68
26.4 232
26.5 169
26.6 136
26.7 228
26.8 117
26.9 275
26.10 204
26.11 146
26.12 249
26.13 124
26.14 196
26.15 215
26.16 272
26.17 277
26.18 31
26.19 111
26.20 222
26.21 200
26.22 34
26.23 47
26.24 241
26.25 119
26.26 0
26.27 238
26.28 102
26.29 265
26.30 237
27.1 363
27.2 30
27.3 295
27.4 19
27.5 85
27.6 117
27.7 34
27.8 127
27.9 511
27.10 442
27.11 383
27.12 485
27.13 119
27.14 431
27.15 42
27.16 510
27.17 514
27.18 246
27.19 140
27.20 48
27.21 66
27.22 239
27.23 273
27.24 478
27.25 133
27.26 238
27.27 0
27.28 160
27.29 31
27.30 474
28.1 208
28.2 148
28.3 157
28.4 152
28.5 94
28.6 59
28.7 142
28.8 50
28.9 357
28.10 295
28.11 241
28.12 326
28.13 47
28.14 291
28.15 136
28.16 371
28.17 357
28.18 101
28.19 43
28.20 135
28.21 114
28.22 98
28.23 120
28.24 320
28.25 48
28.26 102
28.27 160
28.28 0
28.29 173
28.30 335
29.1 374
29.2 53
29.3 323
29.4 35
29.5 113
29.6 143
29.7 38
29.8 148
29.9 526
29.10 457
29.11 410
29.12 495
29.13 145
29.14 459
29.15 60
29.16 537
29.17 525
29.18 266
29.19 154
29.20 54
29.21 72
29.22 264
29.23 285
29.24 489
29.25 157
29.26 265
29.27 31
29.28 173
29.29 0
29.30 500
30.1 128
30.2 481
30.3 192
30.4 467
30.5 405
30.6 372
30.7 463
30.8 352
30.9 43
30.10 46
30.11 106
30.12 27
30.13 359
30.14 50
30.15 447
30.16 37
30.17 52
30.18 236
30.19 346
30.20 456
30.21 435
30.22 239
30.23 225
30.24 34
30.25 346
30.26 237
30.27 474
30.28 335
30.29 500
30.30 0
/;
